ALABAMA=-86.766233,33.001471,01
ALASKA=-148.716968,61.288254,02       
ARIZONA=-111.828711,33.373506,04         
ARKANSAS=-92.576816,35.080251,05         
CALIFORNIA=-119.355165,35.458606,06         
COLORADO=-105.203628,39.500656,08         
CONNECTICUT=-72.874365,41.494852,09
DELAWARE=-75.561908,39.397164,10         
DISTRICT OF COLUMBIA=-77.014001,38.910092,11
FLORIDA=-81.634622,27.795850,12         
GEORGIA=-83.868887,33.332208,13         
HAWAII=-157.524452,21.146768,15         
IDAHO=-115.133222,44.242605,16         
ILLINOIS=-88.380238,41.278216,17         
INDIANA=-86.261515,40.163935,18         
IOWA=-93.049161,41.960392,19         
KANSAS=-96.536052,38.454303,20         
KENTUCKY=-85.241819,37.808159,21
LOUISIANA=-91.457133,30.699270,22         
MAINE=-69.719931,44.313614,23         
MARYLAND=-76.797396,39.145653,24        
MASSACHUSETTS=-71.363628,42.271831,25         
MICHIGAN=-84.170753,42.866412,26         
MINNESOTA=-93.583003,45.210782,27         
MISSISSIPPI=-89.593164,32.566420,28        
MISSOURI=-92.153770,38.437715,29         
MONTANA=-111.209708,46.813302,30         
NEBRASKA=-97.403875,41.183753,31        
NEVADA=-116.304648,37.165965,32         
NEW_HAMPSHIRE=-71.463342,43.153046,33         
NEW_JERSEY=-74.428055,40.438458,34         
NEW_MEXICO=-106.342108,34.623012,35        
NEW_YORK=-74.645228,41.507548,36         
NORTH_CAROLINA=-79.667654,35.553334,37         
NORTH_DAKOTA=-99.334736,47.375168,38         
OHIO=-82.749366,40.480854,39         
OKLAHOMA=-96.834653,35.597940,40         
OREGON=-122.579524,44.732273,41       
PENNSYLVANIA=-77.075925,40.463528,42        
RHODE_ISLAND=-71.448902,41.753318,44         
SOUTH_CAROLINA=-81.032387,34.034551,45         
SOUTH_DAKOTA=-99.043799,44.047502,46         
TENNESSEE=-86.397772,35.795862,47        
TEXAS=-97.388631,30.943149,48         
UTAH=-111.900160,40.438987,49         
VERMONT=-72.814309,44.081127,50         
VIRGINIA=-77.835857,37.750345,51        
WASHINGTON=-121.624501,47.341728,53       
WEST_VIRGINIA=-80.820221,38.767195,54        
WISCONSIN=-89.001006,43.728544,55        
WYOMING=-107.008835,42.675762,56
PUERTO_RICO=-66.58765,18.19958,57